$ANSIBLE_VAULT;1.1;AES256
36353732366666613564633462326134386537366361376266353136343836303432353063343832
6462316265626636313230666266323030333534643638350a353235396434333064643036656561
31383233643632653837393237333966336165346530663466383634356232646663373830613336
6466656562633038620a653464636131333262363133633162306135636231386136646366613263
33653232363064636162383239663337623432353733323730623936663466356138643261316563
32343261643831653438313034653261626336343831613137396663633337386465386636366634
63373765656565633835623535613738636366333935373261623937393737656135353735613163
30613761373265346364323064323438306561643061303536643563663339366438666536356431
35333264373233663532306630623038396136373535633338356234346130333564303539316662
30353232373962646236643638626461383038346661373932336163666632356339306334336262
33326332306332613630316562383566316236623234623263653330616338666337336561623633
34356138646330383931633039646562383937383734366238336238316539666563356239613739
39646265383131333563636262363262613832326666393232656535313464653731366465396538
64323636333438353764393732373964316231643661336265303761333838313832376230363562
63646665383839346433333635613664643664653530613835353036363938636635663838373662
34366531646230383063633332366436396533653166623662643033396262316630343635343138
63663831636235633863666437616635363831636532666163636162343366366237643736346166
64666462653464396633633735613766383766376337393235383431343930663938323233373239
34646635633737376132663362323732636231623239373165316637623662656134643939666539
64646431303237663337373836396138343638323731626461323837643838636665353831663434
66623863306434346630643938303161306236376265633865353636366439306235643365373166
62626362376366326238636334633830363836666564633864653631613932333062333537396234
63353439393031663539346437643834363135656464626136323636343034383563383864323136
62353630343166346364363632323033393839653631303632313136613633613465643463636436
64336566653035636537323865616135616636366463343962623838326238366234616432343134
37646665363565323165373737383831366332336430616265376264656661393235393331646138
66646462393338343462323164656164343331313365613336343664363634353561376137303434
31323236303330396137663031393037353137343331373432616532366463366435616332666361
39616232636238316634643934383331346433623662626166656231393439303832346135333361
35346635663464336664306361376563383466616263653332356131353638356663653032373038
38313839306232323530643733366634323362393866303033316465656637613065643362313366
36623366373865393666333236366430666266353631616531346639646330363434616337376666
65333334626464646666323037323664626132616130663265616538626638303933373738623535
66653639343539643534666131313536626161343061626664646463663038383038626135643532
63643963646339333664613966353464616635633631323031633531623061363530373036336265
62643133346634333464323365343430666136663262356434313561303165613734663435356461
66306466643832306633363563613663336366343637323631653261613263393964626661643033
39373965346139356634356564616164363766663030623932646463333231623131323865393337
66613562393538346230393539663134663236313634356635626365333861633262336534313662
33373462323461613735643733636464636430303732633138663964636636616533306634623763
65383939623662353732393266336236346135646464343163306565393562343432666163646366
32663934623865376166613138313363313738643530636635666664303533333236316636366636
64333462376430323561383038633636356631386139656465616438386137656439613838313264
63346561656266653963336239643832376261303234363638343735616138613061303137393330
37636664653833636335643062393735663237336232646464653533666163323933303365366264
61336461653832373530393131356339326238663065316562346139626334373339323862366164
32656561393661323965323137623735356338313938653061666136383033623432376635396631
61363731303831313665643464616564653333303337663836343339666266626164346234323733
34333836353264666364656365306264613536386134646531643566333438363863353831376266
66383537646566636132303661373836373436316535373265393562666365353963653362376639
34306238643632646338383030323133636336313666616337616533396565393864316464333131
61353739373537653365326366666263313732616331643165376538643732643665656635376466
64333763396134383434323961626661333537326431333538643332643630653963616461633463
6536386662646435336633316338646432336665616536313431
